Month-Year,1st_Revision,2nd_Revision,3rd_Revision
Jan-79,-141,59,-82
Feb-79,7,-14,-7
Mar-79,98,23,121
Apr-79,-68,-19,-87
May-79,97,23,120
Jun-79,73,55,128
Jul-79,5,38,43
Aug-79,3,44,47
Sep-79,-52,-42,-94
Oct-79,-142,15,-127
Nov-79,-91,-9,-100
Dec-79,-186,10,-176
Jan-80,44,62,106
Feb-80,-19,71,52
Mar-80,94,20,114
Apr-80,168,118,286
May-80,-169,-134,-303
Jun-80,19,74,93
Jul-80,56,2,58
Aug-80,41,33,74
Sep-80,36,19,55
Oct-80,-29,98,69
Nov-80,-61,44,-17
Dec-80,-50,9,-41
Jan-81,0,-18,-18
Feb-81,112,8,120
Mar-81,61,-9,52
Apr-81,5,326,331
May-81,88,34,122
Jun-81,33,32,65
Jul-81,-32,-86,-118
Aug-81,-12,-28,-40
Sep-81,101,85,186
Oct-81,-30,34,4
Nov-81,-96,23,-73
Dec-81,-133,17,-116
Jan-82,-37,40,3
Feb-82,64,-21,43
Mar-82,-41,104,63
Apr-82,-144,90,-54
May-82,92,15,107
Jun-82,-165,-21,-186
Jul-82,-160,-127,-287
Aug-82,-56,44,-12
Sep-82,106,79,185
Oct-82,-126,-18,-144
Nov-82,-13,66,53
Dec-82,-49,30,-19
Jan-83,-9,25,16
Feb-83,-5,24,19
Mar-83,77,-127,-50
Apr-83,15,14,29
May-83,-59,5,-54
Jun-83,67,12,79
Jul-83,-129,-50,-179
Aug-83,-6,0,-6
Sep-83,285,98,383
Oct-83,-116,32,-84
Nov-83,-44,-58,-102
Dec-83,-3,16,13
Jan-84,-23,67,44
Feb-84,31,10,41
Mar-84,6,63,69
Apr-84,-9,-7,-16
May-84,37,50,87
Jun-84,7,59,66
Jul-84,-86,-1,-87
Aug-84,23,-9,14
Sep-84,92,53,145
Oct-84,-98,4,-94
Nov-84,32,5,37
Dec-84,-142,20,-122
Jan-85,-36,52,16
Feb-85,-7,4,-3
Mar-85,-28,-34,-62
Apr-85,-9,2,-7
May-85,-79,35,-44
Jun-85,-52,24,-28
Jul-85,6,-15,-9
Aug-85,-8,-10,-18
Sep-85,10,102,112
Oct-85,-60,-12,-72
Nov-85,-2,62,60
Dec-85,-52,17,-35
Jan-86,-145,-11,-156
Feb-86,-73,7,-66
Mar-86,-14,-123,-137
Apr-86,107,-14,93
May-86,-24,10,-14
Jun-86,35,-21,14
Jul-86,-110,-17,-127
Aug-86,-46,22,-24
Sep-86,58,112,170
Oct-86,-38,6,-32
Nov-86,-10,3,-7
Dec-86,-44,29,-15
Jan-87,-129,-15,-144
Feb-87,-101,-8,-109
Mar-87,-9,24,15
Apr-87,-36,-11,-47
May-87,-49,36,-13
Jun-87,-13,7,-6
Jul-87,-8,12,4
Aug-87,-4,-3,-7
Sep-87,-11,38,27
Oct-87,-13,13,0
Nov-87,-11,39,28
Dec-87,-15,16,1
Jan-88,67,41,108
Feb-88,-14,21,7
Mar-88,34,-5,29
Apr-88,75,12,87
May-88,12,-13,-1
Jun-88,186,36,222
Jul-88,-83,14,-69
Aug-88,-50,-15,-65
Sep-88,49,8,57
Oct-88,-85,-2,-87
Nov-88,-59,42,-17
Dec-88,-58,1,-57
Jan-89,7,9,16
Feb-89,-9,-4,-13
Mar-89,-9,6,-3
Apr-89,89,7,96
May-89,106,2,108
Jun-89,70,47,117
Jul-89,15,-24,-9
Aug-89,-22,32,10
Sep-89,-8,8,0
Oct-89,-140,-18,-158
Nov-89,12,59,71
Dec-89,-46,22,-24
Jan-90,57,29,86
Feb-90,-16,17,1
Mar-90,77,20,97
Apr-90,-87,-3,-90
May-90,192,13,205
Jun-90,115,57,172
Jul-90,130,0,130
Aug-90,-8,-44,-52
Sep-90,49,51,100
Oct-90,-110,-2,-112
Nov-90,8,-8,0
Dec-90,-72,-13,-85
Jan-91,-1,42,41
Feb-91,-107,5,-102
Mar-91,-35,-17,-52
Apr-91,-56,14,-42
May-91,60,32,92
Jun-91,29,19,48
Jul-91,-22,47,25
Aug-91,43,35,78
Sep-91,24,47,71
Oct-91,5,3,8
Nov-91,-24,35,11
Dec-91,-28,36,8
Jan-92,-58,27,-31
Feb-92,-57,-1,-58
Mar-92,20,19,39
Apr-92,56,-5,51
May-92,25,26,51
Jun-92,54,-10,44
Jul-92,-21,-6,-27
Aug-92,-45,19,-26
Sep-92,-15,84,69
Oct-92,7,40,47
Nov-92,-29,-1,-30
Dec-92,26,16,42
Jan-93,-62,69,7
Feb-93,2,-29,-27
Mar-93,13,35,48
Apr-93,97,39,136
May-93,6,23,29
Jun-93,31,-1,30
Jul-93,49,26,75
Aug-93,-2,8,6
Sep-93,6,35,41
Oct-93,-30,15,-15
Nov-93,-6,14,8
Dec-93,7,40,47
Jan-94,-64,-29,-93
Feb-94,-19,80,61
Mar-94,8,-85,-77
Apr-94,91,43,134
May-94,61,0,61
Jun-94,-23,27,4
Jul-94,-8,39,31
Aug-94,67,44,111
Sep-94,9,24,33
Oct-94,-30,-2,-32
Nov-94,138,46,184
Dec-94,-46,21,-25
Jan-95,42,-7,35
Feb-95,27,10,37
Mar-95,-26,2,-24
Apr-95,2,15,17
May-95,55,-16,39
Jun-95,35,49,84
Jul-95,-49,22,-27
Aug-95,13,1,14
Sep-95,-71,44,-27
Oct-95,-50,2,-48
Nov-95,-2,48,46
Dec-95,10,-16,-6
Jan-96,13,42,55
Feb-96,-81,7,-74
Mar-96,38,-20,18
Apr-96,161,28,189
May-96,17,42,59
Jun-96,-19,-1,-20
Jul-96,35,7,42
Aug-96,-9,22,13
Sep-96,5,33,38
Oct-96,14,37,51
Nov-96,9,54,63
Dec-96,-1,-30,-31
Jan-97,-24,12,-12
Feb-97,-46,21,-25
Mar-97,-36,43,7
Apr-97,181,4,185
May-97,28,-3,25
Jun-97,11,-6,5
Jul-97,49,19,68
Aug-97,-9,12,3
Sep-97,54,31,85
Oct-97,3,4,7
Nov-97,8,17,25
Dec-97,-15,-1,-16
Jan-98,17,24,41
Feb-98,-58,7,-51
Mar-98,12,106,118
Apr-98,40,18,58
May-98,13,19,32
Jun-98,-9,-7,-16
Jul-98,2,50,52
Aug-98,-56,13,-43
Sep-98,88,15,103
Oct-98,29,19,48
Nov-98,-16,26,10
Dec-98,-80,16,-64
Jan-99,-28,0,-28
Feb-99,22,38,60
Mar-99,-39,76,37
Apr-99,109,-22,87
May-99,-16,33,17
Jun-99,5,8,13
Jul-99,28,35,63
Aug-99,-21,26,5
Sep-99,49,62,111
Oct-99,-47,21,-26
Nov-99,-12,35,23
Dec-99,1,-7,-6
Jan-00,-3,10,7
Feb-00,-36,20,-16
Mar-00,42,69,111
Apr-00,74,-4,70
May-00,-60,0,-60
Jun-00,19,27,46
Jul-00,57,11,68
Aug-00,14,12,26
Sep-00,-57,0,-57
Oct-00,-60,-11,-71
Nov-00,-35,-6,-41
Dec-00,-86,17,-69
Jan-01,-44,65,21
Feb-01,5,-4,1
Mar-01,33,112,145
Apr-01,41,17,58
May-01,27,33,60
Jun-01,21,-6,15
Jul-01,55,5,60
Aug-01,29,30,59
Sep-01,-14,48,34
Oct-01,-53,20,-33
Nov-01,-40,16,-24
Dec-01,-6,24,18
Jan-02,-37,17,-20
Feb-02,-68,-2,-70
Mar-02,-79,16,-63
Apr-02,-37,-27,-64
May-02,-17,-2,-19
Jun-02,30,-32,-2
Jul-02,61,-13,48
Aug-02,68,16,84
Sep-02,30,-71,-41
Oct-02,91,-17,74
Nov-02,-48,7,-41
Dec-02,-55,9,-46
Jan-03,42,18,60
Feb-03,-49,4,-45
Mar-03,-16,NA,NA
Apr-03,NA,NA,NA
May-03,-53,-6,-59
Jun-03,-42,-11,-53
Jul-03,-5,-8,-13
Aug-03,52,76,128
Sep-03,68,-26,42
Oct-03,11,-37,-26
Nov-03,-14,40,26
Dec-03,15,-8,7
Jan-04,-15,62,47
Feb-04,25,37,62
Mar-04,29,16,45
Apr-04,58,-22,36
May-04,-13,-27,-40
Jun-04,-34,18,-16
Jul-04,41,12,53
Aug-04,-16,70,54
Sep-04,43,-20,23
Oct-04,-34,9,-25
Nov-04,25,-5,20
Dec-04,-24,22,-2
Jan-05,-14,-8,-22
Feb-05,-19,57,38
Mar-05,36,-24,12
Apr-05,0,18,18
May-05,26,22,48
Jun-05,20,9,29
Jul-05,35,35,70
Aug-05,42,-63,-21
Sep-05,27,25,52
Oct-05,-12,-19,-31
Nov-05,90,49,139
Dec-05,32,5,37
Jan-06,-23,-16,-39
Feb-06,-18,-25,-43
Mar-06,-11,-25,-36
Apr-06,-12,-14,-26
May-06,17,8,25
Jun-06,3,10,13
Jul-06,8,2,10
Aug-06,60,42,102
Sep-06,97,55,152
Oct-06,-13,7,-6
Nov-06,22,42,64
Dec-06,39,20,59
Jan-07,35,16,51
Feb-07,16,-23,-7
Mar-07,-3,-2,-5
Apr-07,-8,42,34
May-07,33,-2,31
Jun-07,-6,-57,-63
Jul-07,-24,25,1
Aug-07,93,4,97
Sep-07,-14,-52,-66
Oct-07,4,-11,-7
Nov-07,21,-55,-34
Dec-07,64,-41,23
Jan-08,-5,-54,-59
Feb-08,-13,-7,-20
Mar-08,-1,-7,-8
Apr-08,-8,-39,-47
May-08,-13,15,2
Jun-08,11,-49,-38
Jul-08,-9,-7,-16
Aug-08,11,-54,-43
Sep-08,-125,-119,-244
Oct-08,-80,-103,-183
Nov-08,-51,-13,-64
Dec-08,-53,-104,-157
Jan-09,-57,-86,-143
Feb-09,0,-30,-30
Mar-09,-36,47,11
Apr-09,35,-15,20
May-09,23,19,42
Jun-09,24,-20,4
Jul-09,-29,-28,-57
Aug-09,15,47,62
Sep-09,44,80,124
Oct-09,79,-16,63
Nov-09,15,60,75
Dec-09,-65,41,-24
Jan-10,-6,40,34
Feb-10,22,53,75
Mar-10,68,-22,46
Apr-10,0,23,23
May-10,2,-1,1
Jun-10,-96,46,-50
Jul-10,77,-12,65
Aug-10,-3,56,53
Sep-10,54,17,71
Oct-10,21,38,59
Nov-10,32,22,54
Dec-10,18,31,49
Jan-11,27,5,32
Feb-11,2,41,43
Mar-11,5,-27,-22
Apr-11,-12,-15,-27
May-11,-29,28,-1
Jun-11,28,-26,2
Jul-11,-32,42,10
Aug-11,57,47,104
Sep-11,55,52,107
Oct-11,20,12,32
Nov-11,-20,57,37
Dec-11,3,20,23
Jan-12,41,-9,32
Feb-12,13,19,32
Mar-12,34,-11,23
Apr-12,-38,-9,-47
May-12,8,10,18
Jun-12,-16,-19,-35
Jul-12,-22,40,18
Aug-12,46,50,96
Sep-12,34,-16,18
Oct-12,-33,-1,-34
Nov-12,15,86,101
Dec-12,41,23,64
Jan-13,-38,29,-9
Feb-13,32,64,96
Mar-13,50,4,54
Apr-13,-16,50,34
May-13,20,-19,1
Jun-13,-7,-16,-23
Jul-13,-58,-15,-73
Aug-13,24,45,69
Sep-13,15,12,27
Oct-13,-4,0,-4
Nov-13,38,33,71
Dec-13,1,9,10
Jan-14,16,15,31
Feb-14,22,25,47
Mar-14,11,0,11
Apr-14,-6,22,16
May-14,7,5,12
Jun-14,10,-31,-21
Jul-14,3,31,34
Aug-14,38,23,61
Sep-14,8,15,23
Oct-14,29,18,47
Nov-14,32,70,102
Dec-14,77,0,77
Jan-15,-18,-38,-56
Feb-15,-31,2,-29
Mar-15,-41,34,-7
Apr-15,-2,-34,-36
May-15,-26,6,-20
Jun-15,8,14,22
Jul-15,30,-22,8
Aug-15,-37,17,-20
Sep-15,-5,8,3
Oct-15,27,9,36
Nov-15,41,28,69
Dec-15,-30,9,-21
Jan-16,21,-4,17
Feb-16,3,-12,-9
Mar-16,-7,-22,-29
Apr-16,-37,21,-16
May-16,-27,13,-14
Jun-16,5,-21,-16
Jul-16,20,-23,-3
Aug-16,16,9,25
Sep-16,35,17,52
Oct-16,-19,-7,-26
Nov-16,26,-40,-14
Dec-16,1,-2,-1
Jan-17,11,-22,-11
Feb-17,-16,13,-3
Mar-17,-19,-29,-48
Apr-17,-37,33,-4
May-17,14,-7,7
Jun-17,9,-21,-12
Jul-17,-20,-51,-71
Aug-17,13,39,52
Sep-17,51,20,71
Oct-17,-17,-33,-50
Nov-17,24,-36,-12
Dec-17,12,15,27
Jan-18,39,-63,-24
Feb-18,13,-2,11
Mar-18,32,20,52
Apr-18,-5,16,11
May-18,21,24,45
Jun-18,35,-40,-5
Jul-18,-10,18,8
Aug-18,69,16,85
Sep-18,-16,1,-15
Oct-18,-13,37,24
Nov-18,21,20,41
Dec-18,-90,5,-85
Jan-19,7,1,8
Feb-19,13,23,36
Mar-19,-7,-36,-43
Apr-19,-39,-8,-47
May-19,-3,-10,-13
Jun-19,-31,-15,-46
Jul-19,-5,7,2
Aug-19,38,51,89
Sep-19,44,13,57
Oct-19,28,-4,24
Nov-19,-10,5,-5
Dec-19,2,37,39
Jan-20,48,-59,-11
Feb-20,2,-24,-22
Mar-20,-180,-492,-672
Apr-20,-150,-100,-250
May-20,190,26,216
Jun-20,-9,-10,-19
Jul-20,-29,27,-2
Aug-20,118,4,122
Sep-20,11,39,50
Oct-20,-28,44,16
Nov-20,91,-72,19
Dec-20,-87,-79,-166
Jan-21,117,67,184
Feb-21,89,68,157
Mar-21,-146,15,-131
Apr-21,12,-9,3
May-21,24,31,55
Jun-21,88,24,112
Jul-21,110,38,148
Aug-21,131,117,248
Sep-21,118,67,185
Oct-21,15,102,117
Nov-21,39,398,437
Dec-21,311,78,389
Jan-22,14,23,37
Feb-22,72,-36,36
Mar-22,-3,-30,-33
Apr-22,8,-68,-60
May-22,-6,2,-4
Jun-22,26,-105,-79
Jul-22,-2,11,9
Aug-22,0,-23,-23
Sep-22,52,-46,6
Oct-22,23,-21,2
Nov-22,-7,34,27
Dec-22,37,-21,16
Jan-23,-13,-32,-45
Feb-23,15,-78,-63
Mar-23,-71,52,-19
Apr-23,41,-77,-36
May-23,-33,-25,-58
Jun-23,-24,-80,-104
Jul-23,-30,79,49
Aug-23,40,-62,-22
Sep-23,-39,-34,-74
Oct-23,0,-45,-45
Nov-23,-26,9,-17
Dec-23,117,-43,74
Jan-24,-124,27,-97
Feb-24,-5,-34,-39
Mar-24,12,-5,7
Apr-24,-10,-57,-67
May-24,-54,-2,-56
Jun-24,-27,-61,-88
Jul-24,-25,55,30
Aug-24,17,-81,-64
Sep-24,-31,32,1
Oct-24,24,7,31
Nov-24,-15,49,34
Dec-24,51,16,67
Jan-25,-18,-14,-32
Feb-25,-34,-15,-49
Mar-25,-43,-65,-108
Apr-25,-30,11,-19
May-25,5,-125,-120
Jun-25,-133,,
Jul-25,,,
Aug-25,,,
Sep-25,,,
Oct-25,,,
Nov-25,,,
Dec-25,,,
